314  4  0
    0      73    29    74    71
    1      51    50    49    28
    2      34    81    35    38
    3      19    18    23    22
    4      32    54    34    53
    5      34    78    33    35
    6      32    29    30    53
    7      72    98    99   100
    8      32    54    30    77
    9       2    95    97    96
   10      53    54    55    52
   11      18    20    19    23
   12      65    64     9   115
   13       8    12   111   114
   14      54    32    30    53
   15      30    54    53    52
   16      26    50    69    73
   17      24    70   112   118
   18      82    35    38   104
   19      47   107   106   105
   20      20    15    18    19
   21      49     0    13    28
   22      93    62    61    43
   23      97    96    98    31
   24      26    50    29    28
   25      29    76    77    73
   26       1    97    27    25
   27       0     2    16    25
   28     101    72    99   100
   29      98    97    31    99
   30      29    32    74    33
   31      75    78    79    35
   32      42    47    44    88
   33      50    51    77    73
   34      34    36    81    38
   35      24   112     4   118
   36      32    34    57    53
   37      74    75    78    79
   38      71    72    98    31
   39      72    33   101    99
   40      33    72    31    99
   41      32    76    29    74
   42     107    82    81    38
   43      18    15    22    21
   44      15    20    22   119
   45      29    51    30    28
   46       8    10     6     9
   47      51    29    77    73
   48      26    29    30    28
   49      50    51    29    28
   50       2     0    22    67
   51      26    50    28    67
   52       0    26    28    67
   53      76    32    29    77
   54      76    32    80    74
   55      54    32    76    77
   56      51    30    52    77
   57      51    29    30    77
   58      30    54    52    77
   59      29    76    73    74
   60      51    50    29    73
   61     112     1     4   117
   62      66    64    92    94
   63      29    32    30    77
   64      20    14    19    23
   65      49     0    28    67
   66      50    49    28    67
   67      50    26    29    73
   68      69    26    73    68
   69     102    75   101   100
   70      55    57    58    56
   71      74    75    71    72
   72      34    86    56    83
   73      66    10     9   115
   74      34    56    80    83
   75      20    14    23   119
   76      16     1    25   117
   77       0    49    13   119
   78      64    89    93    61
   79     110    47   108    44
   80      34    36    37    86
   81      42   107    88    84
   82      57    37    58    56
   83      58    37    86    56
   84      53    57    55    56
   85      54    53    55    56
   86      37    34    86    56
   87      34    37    57    56
   88      34    57    53    56
   89      54    34    53    56
   90      14    20    13   119
   91       4     1    16   117
   92      15    20    18    22
   93      18    20    23    22
   94      54    32    34    80
   95      50     3    67    69
   96      26    50    67    69
   97      42    88    87    84
   98      22     3    67   116
   99      54    34    56    80
  100      32    54    76    80
  101      20     0    13   119
  102      96    97    27    31
  103      34    36    86    83
  104      96    71    68    72
  105      80    34    83    78
  106       2    24    21   118
  107      34    36    83    81
  108      29    71    27    31
  109      78    82    79    35
  110      83    34    81    78
  111      81    82    78    35
  112       0     2    22    21
  113      15     0    22    21
  114      75    72   101   100
  115      24   113    21    17
  116      67    26    69    68
  117      79   102    39   103
  118      71    74    72    31
  119     113    24   112     4
  120      97     2    27    25
  121     113    24     4    17
  122      95     2    97    25
  123       2     0    27    25
  124       2    95    70   118
  125      29    74    71    31
  126       2    95    96    70
  127      23    14   116   119
  128      82    79    39   103
  129      95    97    96    98
  130      24    21     4    17
  131      34    81    78    35
  132      96    71    72    98
  133      74    29    33    31
  134      71    96    27    31
  135      72    74    33    31
  136      24     2    70   118
  137      81    82    35    38
  138      18    15    21    16
  139     107   103   106   105
  140       4   112   117   118
  141      15     0    21    16
  142       0     2    21    16
  143     111   110   109   114
  144      96    71    98    31
  145      78    75    33    35
  146      72    98    31    99
  147       4    21    16    17
  148     113     4    16    17
  149      73    71    68    27
  150      73    29    71    27
  151      26    29    73    27
  152      26    73    68    27
  153      71    96    68    27
  154      21    18    16    17
  155       2     0    67    27
  156       0    26    67    27
  157      97     2    96    27
  158      96     2    68    27
  159      67    26    68    27
  160       2    67    68    27
  161      75    74    78    33
  162      75    33    35   101
  163     104    82    39   103
  164      74    75    72    33
  165     107    47   106    42
  166     111    12    91   114
  167      81   107    38    84
  168      32    34    80    33
  169      32    80    74    33
  170      80    34    78    33
  171      74    80    78    33
  172      75    72    33   101
  173      75   102   101    39
  174     102    75    79    39
  175      79    75    35    39
  176      35    75   101    39
  177      82    35   104    39
  178      82    79    35    39
  179      64    12    66    92
  180      47   106    42    44
  181       6     7     9    48
  182      47   107   105    88
  183      44    87    92    43
  184      82   107   103   106
  185     104    82   103   106
  186     107    82    38   106
  187      38    82   104   106
  188      38   107   106    42
  189       8   111     7     5
  190      89    87    40    43
  191      87    44    40    43
  192      64    66     9   115
  193      93    60    59    41
  194      37    58    60    41
  195     107    47    42    88
  196     108    47   105    88
  197      44    42    88    87
  198      47   108    44    88
  199      36    81    38    84
  200      12    46    91    90
  201      36    38    42    84
  202      90    44    87    92
  203     110    47    44    46
  204     110   108   109    91
  205     108   110    44    91
  206      38   107    42    84
  207     111    12    46    91
  208     110   111    46    91
  209      44   110    46    91
  210      64    65    63   115
  211      46    44    91    90
  212      44    91    90    87
  213      64    89    92    93
  214      85    89    93    60
  215     108    44    88    87
  216      44   108    91    87
  217      91   108    88    87
  218      90    12    92    11
  219      60    58    59    41
  220      36    83    81    85
  221      36    81    84    85
  222     109   110    91   114
  223      59    93    62    61
  224      10     6     9    48
  225      87    89    92    43
  226      12    66    92    11
  227      92    66    94    11
  228      66    63    10   115
  229      36    37    60    41
  230       7     9    48     5
  231      62    65    61    43
  232      89    93    61    43
  233      59    93    41    62
  234      37    58    86    60
  235      36    83    85    60
  236      36    86    83    60
  237      36    37    86    60
  238      65    64    63    61
  239      64    89    61    43
  240      94    66    10     6
  241       7   111     9     5
  242      66    94     7     6
  243      66    94    11     7
  244      12    66    11     7
  245       8    12    11     7
  246      12     8    66     7
  247      66    64    63   115
  248      66     8    10     6
  249       8    66     7     6
  250       8   111   109   114
  251       8    66    10     9
  252      64   111    65     9
  253     111     8     7     9
  254       7     8     6     9
  255      23     3    22   116
  256      14     3    23   116
  257       8    12    66     9
  258      12     8   111     9
  259      12    64    66     9
  260      64    12   111     9
  261     110   111    91   114
  262      89    64    92    43
  263      62    93    40    43
  264      93    89    40    43
  265      93    41    62    40
  266      42    36    84    40
  267      84    36    85    40
  268      85    36    60    40
  269      60    36    41    40
  270      44    42    87    40
  271      89    85    93    40
  272      93    85    60    40
  273      93    60    41    40
  274      87    84    85    40
  275      87    42    84    40
  276      87    85    89    40
  277      65    64    61    43
  278     111   110    46     5
  279       9    48     5    45
  280      92    44    43    45
  281     111    65     9    45
  282      64    92    43    45
  283      65    64    43    45
  284     111     9     5    45
  285      46   111     5    45
  286      46    44    90    45
  287      90    44    92    45
  288     111    64    65    45
  289      12   111    46    45
  290      12    90    92    45
  291      12    46    90    45
  292      64    12    92    45
  293      12    64   111    45
  294      50    49    67   116
  295       3    50    67   116
  296      22    23   116   119
  297      15     0    20   119
  298      20    23    22   119
  299      97    95    25   117
  300       1    97    25   117
  301      21    24     4   118
  302       2    21    16   118
  303      21     4    16   118
  304      16     4   117   118
  305      25    16   117   118
  306      95    25   117   118
  307       2    16    25   118
  308      95     2    25   118
  309       0    15    22   119
  310      67    22   116   119
  311      49    67   116   119
  312       0    22    67   119
  313      49     0    67   119
# Generated by tetgen -p fishCover.ply 
