270  4  0
    0      46    43    45   124
    1     103    64    63     5
    2      66    65   128   132
    3      69    83    79   122
    4      63   103     5    98
    5     121    37    27   120
    6      90     6    95    93
    7      50    49    43    88
    8       4   103    64    63
    9      48    76    75    41
   10     119    76    44   127
   11      83    87   122   123
   12      62   100    57   101
   13     109   108    32   115
   14      58    63     5    98
   15      89    90    51    95
   16     119    27    37    38
   17      59    60    55    36
   18      25    26   130   131
   19     108    24   109    32
   20      17    71    76    75
   21      29    23    14    15
   22      23    13    15    16
   23      60    55    28    39
   24      48    21    72    71
   25      36   113    28    25
   26     107   110   115    33
   27      45    46   124   125
   28      34   107   112   117
   29      35    27   113    28
   30      69    83   123   132
   31      87    68   123   132
   32     111   107   115    33
   33      22    25   130   133
   34      79    84   129   134
   35      82    83    78   132
   36       9     8    18     7
   37     124   125   126   127
   38      41    76    44    77
   39       8   113    15     7
   40     120    35    27   121
   41     106   107   116    33
   42       0   107   116   117
   43     107    34   116   117
   44      82    78   128   132
   45     107   111   116    33
   46      60    59    55    62
   47      17    21    14    15
   48      36    38   119   127
   49      59    55    62    61
   50      41    76   126   127
   51      60    36    38    27
   52      97    57    56   101
   53       8   119   113     9
   54      85    84   122   134
   55      23    13    16   135
   56      10     8    12    11
   57      26    30   130   131
   58      40   118    37    81
   59     119    11   121     9
   60      15    76    48    77
   61      41   124   125   126
   62      15    20    76    77
   63      48    76    41    77
   64      76    75    41   126
   65      40    37   119    81
   66      59    60    36    38
   67      66    82    78   128
   68      45    40    81   126
   69      40    45   124   126
   70      38    45    37   119
   71      45    40    37   119
   72     119    36   113    28
   73      45    40   119    81
   74      42    41   124   125
   75      60    36    27    28
   76      36    38    27   119
   77     119   121   113     9
   78     119     8    11     9
   79      22    25    31   130
   80      27   113   119   121
   81       8    10   119    11
   82     119    10    81    11
   83      81    10    12    11
   84      78    83    69   132
   85      36    20   119   113
   86      35    27   121   113
   87      60    55    36    28
   88      27    36   119    28
   89      23    13    14    15
   90      27   119    37   121
   91      11   114   121     9
   92      29    23    15    16
   93     113    35    28    25
   94     113    27   119    28
   95      36   113    25    22
   96      55    60    62    39
   97      36    20   113    22
   98      23    29    24   131
   99      62    61    97   101
  100      99    62    97   101
  101     124    45   125   127
  102     113     8     9     7
  103      61    57    97   101
  104      62    57    61   101
  105      30    26    31   104
  106      23    29   131   135
  107      71    17    73    75
  108      30    26    24   131
  109      55    62    61    97
  110      62    55    39    97
  111      99    62    39    97
  112       4   103    63    98
  113     102     4    63    98
  114      63    58    56    98
  115     102    63    57    98
  116      57    56   101    98
  117      57    63    56    98
  118     100    57   101    98
  119     100   102    57    98
  120     119    81    76   126
  121     108   110    32   115
  122      10   119    81    76
  123      16     9    18     7
  124      67    68   128   132
  125     107   105   110    33
  126     113     9    16     7
  127      83    82   128   132
  128      17    19    10     7
  129     112   107     0   117
  130      65    67   128   132
  131      30    29   130   131
  132     110    32   115    33
  133      38    45   119   127
  134     106   105   107    33
  135     107   111     0   116
  136      34   106   107   116
  137      72    74    21    77
  138      26    30    24    32
  139     108    26    24    32
  140     110   104    32    33
  141      20   113    22    15
  142      80     1    84   129
  143     104   108   110    32
  144     105   104   110    33
  145      30    26   104    32
  146     104    26   108    32
  147      17    21    73    14
  148      45   124   126   127
  149      76    41    44   127
  150      70    85   122   134
  151      95    89    92    94
  152      21    29    15   133
  153      71    17    21    73
  154      44    41    47   125
  155      15   113    16     7
  156      48    72    77    66
  157      47    42   124   125
  158      21    29    14    15
  159      29    30    24   131
  160      89    90    95    93
  161      90    52    51    95
  162      46    43    47    88
  163      51    89    95    94
  164      72    74    77    66
  165      21    76    48    15
  166      41    42    47   125
  167      43    47   124   125
  168      76    71    48    75
  169      17    15     7    76
  170      10    17     7    76
  171      95    89    93    92
  172      21    76    15    17
  173      10     8   119    76
  174      20   119   113    76
  175      20   113    15    76
  176      50    89    49    94
  177      21    15    48    77
  178     113    25   133   135
  179       8    10     7    76
  180      15     8     7    76
  181     119     8   113    76
  182     113     8    15    76
  183      76    71    21    48
  184      71    76    21    17
  185      54    53    52    96
  186     119    45    81   126
  187      49    50    94    88
  188      72    48    65    66
  189      22    20    15    77
  190      76    20    44    77
  191      50    43    46    88
  192      20    36   119    44
  193      20   119    76    44
  194      48    21    77    72
  195     130    25   131   135
  196      84    79   122   134
  197      25   130   133   135
  198     113    22    15   133
  199      54     6    96    95
  200      54    90     6    95
  201      90    54    52    95
  202      52    54    96    95
  203      84    83    87   122
  204      49    89    51    94
  205      94    49    88    91
  206      84     1    79   129
  207      83    84    79   122
  208      29    23    16   135
  209       1    80     2   129
  210      49    42    88    91
  211      81   118    75   126
  212      89    92    94    88
  213     113    25    22   133
  214      16   113   133   135
  215      69    83   122   123
  216      84    85   129   134
  217      50    89    94    88
  218      43    42    47    88
  219      43    49    42    88
  220      36   119    44   127
  221      87    68   122   123
  222     113    15    16   133
  223      80    84    85   129
  224      15    22    77   133
  225      42    43    47   124
  226     130   131   133   135
  227      70    85    68   122
  228      25    26    31   130
  229      26    30    31   130
  230      45    43    40   124
  231      76    81    75   126
  232      76   119   126   127
  233      84    87    85   122
  234      85    87    68   122
  235      40   118    81   126
  236      68    86    67   128
  237      46    43   124   125
  238      43    46    47   125
  239      87    86    68   128
  240     125    41   126   127
  241      44    41   125   127
  242     119    45   126   127
  243      29   130   131   133
  244      72    86    82   128
  245      21    15    77   133
  246      86    65    67   128
  247      74    82    66   128
  248      72    74    66   128
  249      74    72    82   128
  250      86    72    65   128
  251      65    72    66   128
  252      85    70     2   129
  253       3    85     2   129
  254      80     3     2   129
  255       3    80    85   129
  256      85    70   129   134
  257      65    78    67   132
  258      83    87   123   132
  259      68    87   128   132
  260      87    83   128   132
  261      65    66    78   132
  262      78    66   128   132
  263     131    29   133   135
  264      13   113    16   135
  265     113    35    25   135
  266      15    16   133   135
  267      29    15   133   135
  268      15    29    16   135
  269      13    35   113   135
# Generated by tetgen -p jellyCover.ply 
