136  3  0  0
   0    0.625  -2.0232000000000001  12.200900000000001
   1    4.4470999999999998  -2.0232000000000001  -0.2271
   2    7.8979999999999997  -2.0232000000000001  -3.6779000000000002
   3    12.200900000000001  -2.0232000000000001  0.62509999999999999
   4    -12.200900000000001  -2.0232000000000001  -0.62509999999999999
   5    -4.4470999999999998  -2.0232000000000001  0.2271
   6    0.2271  -2.0232000000000001  -4.4470999999999998
   7    8.5229999999999997  37.169199999999996  8.5229999999999997
   8    0  42.904299999999999  -0
   9    -8.125  37.169199999999996  8.125
  10    8.125  37.169199999999996  -8.125
  11    -8.5229999999999997  37.169199999999996  -8.5229999999999997
  12    -0.39800000000000002  37.169199999999996  -16.648
  13    0.39800000000000002  17.953199999999999  16.648
  14    8.5229999999999997  17.953199999999999  8.5229999999999997
  15    8.5229999999999997  27.947900000000001  8.5229999999999997
  16    0.39800000000000002  27.947900000000001  16.648
  17    16.648  27.947900000000001  0.39800000000000002
  18    0.39800000000000002  37.169199999999996  16.648
  19    16.648  37.169199999999996  0.39800000000000002
  20    -0  17.953199999999999  -0
  21    9.0279000000000007  17.953199999999999  6.6039000000000003
  22    -0.50490000000000002  17.953199999999999  1.9191
  23    0.90290000000000004  17.953199999999999  14.728899999999999
  24    0.74050000000000005  13.5625  13.251200000000001
  25    -5.8297999999999996  17.953199999999999  7.6200999999999999
  26    -4.7281000000000004  13.5625  7.7824999999999998
  27    -14.728899999999999  17.953199999999999  -0.90290000000000004
  28    -7.6200999999999999  17.953199999999999  6.2058999999999997
  29    6.1467999999999998  17.953199999999999  9.0279000000000007
  30    5.1261000000000001  13.5625  8.8655000000000008
  31    -0.34250000000000003  13.5625  3.3969
  32    5.1261000000000001  8.3983000000000008  8.8655000000000008
  33    4.0758999999999999  5.5195999999999996  8.7500999999999998
  34    -0.2271  -2.0232000000000001  4.4470999999999998
  35    -8.125  17.953199999999999  8.125
  36    -1.9191  17.953199999999999  0.50490000000000002
  37    -8.5229999999999997  17.953199999999999  -8.5229999999999997
  38    -9.0279000000000007  17.953199999999999  -6.6039000000000003
  39    -7.7824999999999998  13.5625  4.7281000000000004
  40    -0.90290000000000004  17.953199999999999  -14.728899999999999
  41    5.7488000000000001  17.953199999999999  -7.6200999999999999
  42    4.7281000000000004  13.5625  -7.7824999999999998
  43    -0.74050000000000005  13.5625  -13.251099999999999
  44    0.50490000000000002  17.953199999999999  -1.9191
  45    -6.2278000000000002  17.953199999999999  -9.0279000000000007
  46    -5.1261000000000001  13.5625  -8.8655000000000008
  47    0.34250000000000003  13.5625  -3.3969
  48    7.6200999999999999  17.953199999999999  -6.2058999999999997
  49    -0.74050000000000005  8.3983000000000008  -13.251099999999999
  50    -5.1261000000000001  8.3983000000000008  -8.8655000000000008
  51    -0.62509999999999999  5.5195999999999996  -12.200900000000001
  52    -0.62509999999999999  2.6408999999999998  -12.200900000000001
  53    -0.62509999999999999  -2.0232000000000001  -12.200900000000001
  54    -4.0758999999999999  -2.0232000000000001  -8.7500999999999998
  55    -3.3969  13.5625  0.34250000000000003
  56    -4.4470999999999998  5.5195999999999996  0.2271
  57    -8.7500999999999998  5.5195999999999996  -4.0758999999999999
  58    -4.4470999999999998  2.6408999999999998  0.2271
  59    -8.8655000000000008  13.5625  -5.1261000000000001
  60    -13.251099999999999  13.5625  -0.74050000000000005
  61    -8.8655000000000008  8.3983000000000008  -5.1261000000000001
  62    -13.251099999999999  8.3983000000000008  -0.74050000000000005
  63    -8.7500999999999998  2.6408999999999998  -4.0758999999999999
  64    -8.7500999999999998  -2.0232000000000001  -4.0758999999999999
  65    7.7824999999999998  13.5625  -4.7281000000000004
  66    3.3969  13.5625  -0.34250000000000003
  67    7.7824999999999998  8.3983000000000008  -4.7281000000000004
  68    7.8979999999999997  5.5195999999999996  -3.6779000000000002
  69    2.8729  5.5195999999999996  -0.2271
  70    7.8979999999999997  2.6408999999999998  -3.6779000000000002
  71    14.728899999999999  17.953199999999999  0.90290000000000004
  72    13.251099999999999  13.5625  0.74050000000000005
  73    16.648  17.953199999999999  0.39800000000000002
  74    8.8655000000000008  13.5625  5.1261000000000001
  75    8.125  17.953199999999999  -8.125
  76    8.125  27.947900000000001  -8.125
  77    1.9191  17.953199999999999  -0.50490000000000002
  78    3.3969  8.3983000000000008  -0.34250000000000003
  79    2.9923000000000002  2.6408999999999998  -0.2271
  80    8.7500999999999998  -2.0232000000000001  4.0758999999999999
  81    -0.39800000000000002  27.947900000000001  -16.648
  82    8.8655000000000008  8.3983000000000008  5.1261000000000001
  83    7.1757999999999997  5.5195999999999996  4.0758999999999999
  84    7.2952000000000004  2.6408999999999998  4.0758999999999999
  85    12.200900000000001  2.6408999999999998  0.62509999999999999
  86    13.251099999999999  8.3983000000000008  0.74050000000000005
  87    12.200900000000001  5.5195999999999996  0.62509999999999999
  88    0.34250000000000003  8.3983000000000008  -3.3969
  89    -4.0758999999999999  5.5195999999999996  -8.7500999999999998
  90    -4.0758999999999999  2.6408999999999998  -8.7500999999999998
  91    4.7281000000000004  8.3983000000000008  -7.7824999999999998
  92    0.2271  5.5195999999999996  -4.4470999999999998
  93    0.2271  2.6408999999999998  -4.4470999999999998
  94    3.6779000000000002  5.5195999999999996  -7.8979999999999997
  95    3.6779000000000002  2.6408999999999998  -7.8979999999999997
  96    3.6779000000000002  -2.0232000000000001  -7.8979999999999997
  97    -3.3969  8.3983000000000008  0.34250000000000003
  98    -7.8979999999999997  2.6408999999999998  3.6779000000000002
  99    -7.7824999999999998  8.3983000000000008  4.7281000000000004
 100    -12.200900000000001  5.5195999999999996  -0.62509999999999999
 101    -7.8979999999999997  5.5195999999999996  3.6779000000000002
 102    -12.200900000000001  2.6408999999999998  -0.62509999999999999
 103    -7.8979999999999997  -2.0232000000000001  3.6779000000000002
 104    -0.34250000000000003  8.3983000000000008  3.3969
 105    -0.2271  5.5195999999999996  4.4470999999999998
 106    -0.2271  2.6408999999999998  4.4470999999999998
 107    -3.6779000000000002  2.6408999999999998  7.8979999999999997
 108    -4.7281000000000004  8.3983000000000008  7.7824999999999998
 109    0.74050000000000005  8.3983000000000008  13.251200000000001
 110    -3.6779000000000002  5.5195999999999996  7.8979999999999997
 111    0.625  2.6408999999999998  12.200900000000001
 112    -3.6779000000000002  -2.0232000000000001  7.8979999999999997
 113    -8.125  27.947900000000001  8.125
 114    -16.648  37.169199999999996  -0.39800000000000002
 115    0.625  5.5195999999999996  12.200900000000001
 116    4.0758999999999999  2.6408999999999998  8.7500999999999998
 117    4.0758999999999999  -2.0232000000000001  8.7500999999999998
 118    -0.39800000000000002  17.953199999999999  -16.648
 119    -8.5229999999999997  27.947900000000001  -8.5229999999999997
 120    -16.648  17.953199999999999  -0.39800000000000002
 121    -16.648  27.947900000000001  -0.39800000000000002
 122    5.3854499999999996  4.0802499999999995  -1.9525000000000001
 123    5.651521746697469  5.5195999999999996  -2.1352148481629469
 124    0.82535027039198061  16.605619026423359  -12.596930957511834
 125    -1.2233502703919803  16.605619026423359  -4.051069042488165
 126    1.1860882222325133  17.953199999999999  -12.496358022128705
 127    -1.5975364384721842  17.953199999999999  -4.1389820909606936
 128    11.710483367912797  7.668299325335469  1.5863138223073183
 129    5.4474249299682729  0.30668710767779928  -1.9541002463123538
 130    1.2233502703919803  16.605619026423359  4.051069042488165
 131    -0.82531085521697767  16.605649759900338  12.59697958006052
 132    5.950526605124141  6.7651159098507332  -2.2347854810448693
 133    1.5840882222325128  17.953199999999999  4.1516419778712939
 134    5.1410576914295785  2.6408999999999998  -1.738593373338196
 135    -1.1994884894560183  17.953199999999999  12.509068536568547
# Generated by tetgen -p jellyCover.ply 
