12  3  0  0
   0    -15.0604  0  5.5091000000000001
   1    -15.0604  0  -19.013200000000001
   2    19.9008  0  -19.013200000000001
   3    19.9008  0  5.5091000000000001
   4    -10.156000000000001  57.387799999999999  -15.1867
   5    -8.5594000000000001  54.805300000000003  19.642499999999998
   6    15.6721  51.2986  18.271699999999999
   7    14.0756  53.881100000000004  -16.557500000000001
   8    7.0278999999999998  21.250800000000002  16.9361
   9    -17.044899999999998  21.250800000000002  -8.4170999999999996
  10    21.885200000000001  34.726599999999998  2.8292000000000002
  11    -2.1876000000000002  34.726599999999998  -22.524000000000001
# Generated by tetgen -p miModelo.ply 
