16  4  0
    0       9     0     3     8
    1       9    11     4     5
    2       5     8    10     6
    3      10     4     6     7
    4      11     4    10     7
    5       9    11     5     8
    6       4     5    10     6
    7      11     5     8    10
    8      11     4     5    10
    9       9     1    11     2
   10       8    11    10     2
   11       3     8    10     2
   12       1     9     0     2
   13       0     9     3     2
   14       3     9     8     2
   15       9    11     8     2
# Generated by tetgen -p miModelo.ply 
