120  3  0  0
   0    -1.8331999999999999  -0.32850000000000001  -0.33289999999999997
   1    -1.8331999999999999  -0.1512  0.65580000000000005
   2    -1.8331999999999999  0.34339999999999998  0.16139999999999999
   3    -1.8331999999999999  0.1661  -0.82720000000000005
   4    -2.2168000000000001  -0.1512  0.65580000000000005
   5    2.0537999999999998  -0.37259999999999999  -0.13120000000000001
   6    2.4270999999999998  0.0074000000000000003  -0.28100000000000003
   7    2.4270999999999998  0.0074000000000000003  -0.1341
   8    2.2968999999999999  0.0074000000000000003  0.012699999999999999
   9    2.0537999999999998  -0.17199999999999999  -0.39689999999999998
  10    2.2968999999999999  0.0074000000000000003  -0.4279
  11    2.0537999999999998  0.38750000000000001  -0.13120000000000001
  12    2.0537999999999998  0.18690000000000001  0.0016999999999999999
  13    -1.8331999999999999  -0.1512  -0.82720000000000005
  14    -1.9925999999999999  0.0074000000000000003  -0.90349999999999997
  15    -2.2168000000000001  -0.32850000000000001  -0.33289999999999997
  16    -2.2168000000000001  -0.32850000000000001  0.16139999999999999
  17    -2.5463  0.0074000000000000003  0.1893
  18    -2.5463  0.0074000000000000003  -0.35709999999999997
  19    -2.4159999999999999  0.0074000000000000003  -0.90349999999999997
  20    -2.2168000000000001  -0.1512  -0.82720000000000005
  21    -2.2168000000000001  0.34339999999999998  0.16139999999999999
  22    -2.2168000000000001  0.34339999999999998  -0.33289999999999997
  23    -2.2168000000000001  0.1661  -0.82720000000000005
  24    -2.2168000000000001  0.1661  0.65580000000000005
  25    -1.8331999999999999  -0.32850000000000001  0.16139999999999999
  26    -1.5564  -0.47149999999999997  -0.25180000000000002
  27    -1.5564  -0.47149999999999997  0.080299999999999996
  28    -1.5564  -0.21870000000000001  -0.58379999999999999
  29    -1.2796000000000001  -0.47149999999999997  -0.26419999999999999
  30    -1.2796000000000001  -0.21870000000000001  -0.62109999999999999
  31    -1.2796000000000001  -0.47149999999999997  0.092700000000000005
  32    -1.0027999999999999  -0.47149999999999997  -0.32240000000000002
  33    -1.0027999999999999  -0.47149999999999997  0.15090000000000001
  34    -0.72599999999999998  -0.47149999999999997  -0.3851
  35    -0.72599999999999998  -0.47149999999999997  0.2137
  36    -0.1724  -0.47149999999999997  -0.3851
  37    -0.1724  -0.21870000000000001  -0.9839
  38    -0.1724  -0.47149999999999997  0.2137
  39    -0.72599999999999998  -0.21870000000000001  0.81240000000000001
  40    0.38119999999999998  -0.47149999999999997  -0.3851
  41    0.38119999999999998  -0.21870000000000001  -0.9839
  42    0.38119999999999998  -0.47149999999999997  0.2137
  43    0.93479999999999996  -0.47149999999999997  -0.32150000000000001
  44    0.93479999999999996  -0.47149999999999997  0.14999999999999999
  45    1.7649999999999999  -0.47149999999999997  -0.26150000000000001
  46    1.7649999999999999  -0.47149999999999997  0.0901
  47    0.93479999999999996  -0.21870000000000001  0.62160000000000004
  48    2.0537999999999998  -0.37259999999999999  -0.26400000000000001
  49    -1.6872  0.0074000000000000003  -0.63449999999999995
  50    -1.5564  0.2336  -0.58379999999999999
  51    -1.3816999999999999  0.0074000000000000003  -0.67569999999999997
  52    -1.0763  0.0074000000000000003  -0.86860000000000004
  53    -1.0027999999999999  -0.21870000000000001  -0.79559999999999997
  54    -1.0027999999999999  0.2336  -0.79559999999999997
  55    -0.77080000000000004  0.0074000000000000003  -1.0767
  56    -0.72599999999999998  0.2336  -0.9839
  57    -0.72599999999999998  -0.21870000000000001  -0.9839
  58    -0.15989999999999999  0.0074000000000000003  -1.0767
  59    0.4511  0.0074000000000000003  -1.0767
  60    0.38119999999999998  0.2336  -0.9839
  61    1.0620000000000001  0.0074000000000000003  -0.86570000000000003
  62    0.93479999999999996  -0.21870000000000001  -0.79300000000000004
  63    1.9782  0.0074000000000000003  -0.66690000000000005
  64    1.7649999999999999  0.2336  -0.61319999999999997
  65    1.7649999999999999  -0.21870000000000001  -0.61319999999999997
  66    2.0537999999999998  0.18690000000000001  -0.39689999999999998
  67    -1.8331999999999999  0.34339999999999998  -0.33289999999999997
  68    -1.5564  0.4864  0.080299999999999996
  69    -1.5564  0.4864  -0.25180000000000002
  70    -1.8331999999999999  0.1661  0.65580000000000005
  71    -1.2796000000000001  0.4864  0.092700000000000005
  72    -1.2796000000000001  0.2336  0.44969999999999999
  73    -1.2796000000000001  0.4864  -0.26419999999999999
  74    -1.0027999999999999  0.4864  0.15090000000000001
  75    -1.0027999999999999  0.2336  0.62419999999999998
  76    -1.0027999999999999  0.4864  -0.32240000000000002
  77    -1.2796000000000001  0.2336  -0.62109999999999999
  78    -0.72599999999999998  0.4864  0.2137
  79    -0.72599999999999998  0.2336  0.81240000000000001
  80    -0.72599999999999998  0.4864  -0.3851
  81    -0.1724  0.4864  0.2137
  82    -0.1724  0.2336  0.81240000000000001
  83    -0.1724  0.4864  -0.3851
  84    0.38119999999999998  0.4864  0.2137
  85    0.38119999999999998  0.4864  -0.3851
  86    -0.1724  0.2336  -0.9839
  87    0.93479999999999996  0.4864  0.14999999999999999
  88    0.93479999999999996  0.2336  0.62160000000000004
  89    0.93479999999999996  0.4864  -0.32150000000000001
  90    1.7649999999999999  0.4864  0.0901
  91    1.7649999999999999  0.2336  0.44169999999999998
  92    1.7649999999999999  0.4864  -0.26150000000000001
  93    0.93479999999999996  0.2336  -0.79300000000000004
  94    2.0537999999999998  0.38750000000000001  -0.26400000000000001
  95    -1.6872  0.0074000000000000003  0.4667
  96    -1.5564  0.2336  0.41239999999999999
  97    -1.5564  -0.21870000000000001  0.41239999999999999
  98    -1.3816999999999999  0.0074000000000000003  0.50790000000000002
  99    -1.2796000000000001  -0.21870000000000001  0.44969999999999999
 100    -1.0763  0.0074000000000000003  0.70079999999999998
 101    -1.0027999999999999  -0.21870000000000001  0.62419999999999998
 102    -0.77080000000000004  0.0074000000000000003  0.90890000000000004
 103    -0.15989999999999999  0.0074000000000000003  0.90890000000000004
 104    -0.1724  -0.21870000000000001  0.81240000000000001
 105    0.4511  0.0074000000000000003  0.90890000000000004
 106    0.38119999999999998  -0.21870000000000001  0.81240000000000001
 107    0.38119999999999998  0.2336  0.81240000000000001
 108    1.0620000000000001  0.0074000000000000003  0.69789999999999996
 109    1.9782  0.0074000000000000003  0.49909999999999999
 110    1.7649999999999999  -0.21870000000000001  0.44169999999999998
 111    2.0537999999999998  -0.17199999999999999  0.0016999999999999999
 112    -1.9925999999999999  0.0074000000000000003  0.73570000000000002
 113    -2.4159999999999999  0.0074000000000000003  0.73570000000000002
 114    2.1273194761457681  0.079517154532482107  0.1494739137685005
 115    2.0599213565114951  -0.093334858606412704  -0.51045713976014273
 116    -1.8278134642156991  0.092853265461735113  -0.78272454037083672
 117    -1.8271291324209731  -0.078370204400774829  0.61305733267239937
 118    -1.8251752676270478  0.0074000000000000003  0.58823027829625363
 119    -1.826415551412963  0.0074000000000000003  -0.75712273520002304
# Generated by tetgen -p fishCover.ply 
